0.0 0.0
0.04799999999999993 0.4066260094887426
0.09599999999999997 0.6369975943005706
0.1439999999999999 0.8011822482791862
0.19199999999999995 0.9304767132896734
0.24 1.0382651657361883
0.2879999999999999 1.131529056425061
0.33599999999999997 1.2143809603894484
0.3839999999999999 1.2894542414623793
0.43199999999999994 1.3585421569848575
0.48 1.422925871463969
0.528 1.483557184655593
0.576 1.5411670627332652
0.6239999999999999 1.5963335467452342
0.6719999999999999 1.6495261514291513
0.72 1.70113603639596
0.768 1.751497254503213
0.816 1.8009022511563122
0.864 1.8496135954974207
0.9119999999999999 1.8978732340105018
0.96 1.9459101490553128
1.008 1.9939470641001238
1.056 2.042206702613205
1.104 2.090918046954313
1.152 2.1403230436074128
1.2 2.1906842617146656
1.248 2.2422941466814743
1.296 2.2954867513653916
1.3439999999999999 2.35065323537736
1.392 2.4082631134550327
1.44 2.4688944266466564
1.488 2.533278141125768
1.536 2.602366056648246
1.584 2.677439337721177
1.6320000000000001 2.7602912416855645
1.68 2.8535551323744373
1.728 2.961343584820952
1.776 3.0906380498314396
1.8239999999999998 3.254822703810055
1.8719999999999999 3.4851942886218827
1.92 3.8918202981106256
